STANDARD_BACKTRACKING
Doing naive search

0 0 0 | 0 9 0 | 3 0 0 
0 2 0 | 6 0 1 | 5 9 0 
3 0 0 | 5 0 8 | 0 2 4 
____________________
0 9 0 | 0 0 0 | 4 8 0 
6 0 0 | 2 0 9 | 0 0 1 
0 5 2 | 0 0 0 | 0 3 0 
____________________
9 7 0 | 1 0 5 | 0 0 3 
0 3 8 | 7 0 4 | 0 1 0 
0 0 5 | 0 8 0 | 0 0 0 


5 1 7 | 4 9 2 | 3 6 8 
8 2 4 | 6 3 1 | 5 9 7 
3 6 9 | 5 7 8 | 1 2 4 
____________________
7 9 1 | 3 5 6 | 4 8 2 
6 8 3 | 2 4 9 | 7 5 1 
4 5 2 | 8 1 7 | 6 3 9 
____________________
9 7 6 | 1 2 5 | 8 4 3 
2 3 8 | 7 6 4 | 9 1 5 
1 4 5 | 9 8 3 | 2 7 6 

Total Time: 42594000
Search Time: 8105000
Backtrack: 103
Node: 733
Doing naive search

0 6 0 | 1 0 4 | 0 5 0 
0 0 8 | 3 0 5 | 6 0 0 
2 0 0 | 0 0 0 | 0 0 1 
____________________
8 0 0 | 4 0 7 | 0 0 6 
0 0 6 | 0 0 0 | 3 0 0 
7 0 0 | 9 0 1 | 0 0 4 
____________________
5 0 0 | 0 0 0 | 0 0 2 
0 0 7 | 2 0 6 | 9 0 0 
0 4 0 | 5 0 8 | 0 7 0 


9 6 3 | 1 7 4 | 2 5 8 
1 7 8 | 3 2 5 | 6 4 9 
2 5 4 | 6 8 9 | 7 3 1 
____________________
8 2 1 | 4 3 7 | 5 9 6 
4 9 6 | 8 5 2 | 3 1 7 
7 3 5 | 9 6 1 | 8 2 4 
____________________
5 8 9 | 7 1 3 | 4 6 2 
3 1 7 | 2 4 6 | 9 8 5 
6 4 2 | 5 9 8 | 1 7 3 

Total Time: 59318000
Search Time: 22253000
Backtrack: 1590
Node: 14096
Doing naive search

0 0 0 | 0 0 4 | 9 0 0 
0 0 5 | 3 2 0 | 0 0 0 
2 0 0 | 0 0 6 | 0 4 0 
____________________
8 0 4 | 0 0 0 | 0 6 0 
0 5 0 | 0 6 0 | 0 1 0 
0 1 0 | 0 0 0 | 3 0 9 
____________________
0 2 0 | 8 0 0 | 0 0 6 
0 0 0 | 0 7 9 | 1 0 0 
0 0 9 | 5 0 0 | 0 0 0 


3 8 6 | 7 1 4 | 9 2 5 
4 9 5 | 3 2 8 | 6 7 1 
2 7 1 | 9 5 6 | 8 4 3 
____________________
8 3 4 | 1 9 5 | 2 6 7 
9 5 7 | 2 6 3 | 4 1 8 
6 1 2 | 4 8 7 | 3 5 9 
____________________
7 2 3 | 8 4 1 | 5 9 6 
5 4 8 | 6 7 9 | 1 3 2 
1 6 9 | 5 3 2 | 7 8 4 

Total Time: 107283000
Search Time: 73002000
Backtrack: 21667
Node: 194770
Doing naive search

0 0 9 | 0 2 8 | 0 0 0 
0 8 0 | 0 0 0 | 9 0 0 
0 7 0 | 0 5 0 | 0 0 0 
____________________
0 3 8 | 9 0 0 | 1 0 5 
0 0 0 | 0 0 0 | 0 0 0 
6 0 4 | 0 0 5 | 2 9 0 
____________________
0 0 0 | 0 4 0 | 0 6 0 
0 0 6 | 0 0 0 | 0 3 0 
0 0 0 | 7 3 0 | 5 0 0 


5 6 9 | 1 2 8 | 3 7 4 
1 8 2 | 4 7 3 | 9 5 6 
4 7 3 | 6 5 9 | 8 1 2 
____________________
2 3 8 | 9 6 7 | 1 4 5 
9 5 7 | 2 1 4 | 6 8 3 
6 1 4 | 3 8 5 | 2 9 7 
____________________
3 9 5 | 8 4 2 | 7 6 1 
7 2 6 | 5 9 1 | 4 3 8 
8 4 1 | 7 3 6 | 5 2 9 

Total Time: 607305000
Search Time: 575014000
Backtrack: 234259
Node: 2108080
FC
Doing backtracking with FC search

0 0 0 | 0 9 0 | 3 0 0 
0 2 0 | 6 0 1 | 5 9 0 
3 0 0 | 5 0 8 | 0 2 4 
____________________
0 9 0 | 0 0 0 | 4 8 0 
6 0 0 | 2 0 9 | 0 0 1 
0 5 2 | 0 0 0 | 0 3 0 
____________________
9 7 0 | 1 0 5 | 0 0 3 
0 3 8 | 7 0 4 | 0 1 0 
0 0 5 | 0 8 0 | 0 0 0 


5 1 7 | 4 9 2 | 3 6 8 
8 2 4 | 6 3 1 | 5 9 7 
3 6 9 | 5 7 8 | 1 2 4 
____________________
7 9 1 | 3 5 6 | 4 8 2 
6 8 3 | 2 4 9 | 7 5 1 
4 5 2 | 8 1 7 | 6 3 9 
____________________
9 7 6 | 1 2 5 | 8 4 3 
2 3 8 | 7 6 4 | 9 1 5 
1 4 5 | 9 8 3 | 2 7 6 

Total Time: 52533000
Search Time: 18390000
Backtrack: 103
Node: 420
Doing backtracking with FC search

0 6 0 | 1 0 4 | 0 5 0 
0 0 8 | 3 0 5 | 6 0 0 
2 0 0 | 0 0 0 | 0 0 1 
____________________
8 0 0 | 4 0 7 | 0 0 6 
0 0 6 | 0 0 0 | 3 0 0 
7 0 0 | 9 0 1 | 0 0 4 
____________________
5 0 0 | 0 0 0 | 0 0 2 
0 0 7 | 2 0 6 | 9 0 0 
0 4 0 | 5 0 8 | 0 7 0 


9 6 3 | 1 7 4 | 2 5 8 
1 7 8 | 3 2 5 | 6 4 9 
2 5 4 | 6 8 9 | 7 3 1 
____________________
8 2 1 | 4 3 7 | 5 9 6 
4 9 6 | 8 5 2 | 3 1 7 
7 3 5 | 9 6 1 | 8 2 4 
____________________
5 8 9 | 7 1 3 | 4 6 2 
3 1 7 | 2 4 6 | 9 8 5 
6 4 2 | 5 9 8 | 1 7 3 

Total Time: 130851000
Search Time: 97540000
Backtrack: 1590
Node: 8074
Doing backtracking with FC search

0 0 0 | 0 0 4 | 9 0 0 
0 0 5 | 3 2 0 | 0 0 0 
2 0 0 | 0 0 6 | 0 4 0 
____________________
8 0 4 | 0 0 0 | 0 6 0 
0 5 0 | 0 6 0 | 0 1 0 
0 1 0 | 0 0 0 | 3 0 9 
____________________
0 2 0 | 8 0 0 | 0 0 6 
0 0 0 | 0 7 9 | 1 0 0 
0 0 9 | 5 0 0 | 0 0 0 


3 8 6 | 7 1 4 | 9 2 5 
4 9 5 | 3 2 8 | 6 7 1 
2 7 1 | 9 5 6 | 8 4 3 
____________________
8 3 4 | 1 9 5 | 2 6 7 
9 5 7 | 2 6 3 | 4 1 8 
6 1 2 | 4 8 7 | 3 5 9 
____________________
7 2 3 | 8 4 1 | 5 9 6 
5 4 8 | 6 7 9 | 1 3 2 
1 6 9 | 5 3 2 | 7 8 4 

Total Time: 307062000
Search Time: 270766000
Backtrack: 21662
Node: 99731
Doing backtracking with FC search

0 0 9 | 0 2 8 | 0 0 0 
0 8 0 | 0 0 0 | 9 0 0 
0 7 0 | 0 5 0 | 0 0 0 
____________________
0 3 8 | 9 0 0 | 1 0 5 
0 0 0 | 0 0 0 | 0 0 0 
6 0 4 | 0 0 5 | 2 9 0 
____________________
0 0 0 | 0 4 0 | 0 6 0 
0 0 6 | 0 0 0 | 0 3 0 
0 0 0 | 7 3 0 | 5 0 0 


5 6 9 | 1 2 8 | 3 7 4 
1 8 2 | 4 7 3 | 9 5 6 
4 7 3 | 6 5 9 | 8 1 2 
____________________
2 3 8 | 9 6 7 | 1 4 5 
9 5 7 | 2 1 4 | 6 8 3 
6 1 4 | 3 8 5 | 2 9 7 
____________________
3 9 5 | 8 4 2 | 7 6 1 
7 2 6 | 5 9 1 | 4 3 8 
8 4 1 | 7 3 6 | 5 2 9 

Total Time: 1400579000
Search Time: 1366053000
Backtrack: 234134
Node: 876100
FC+MRV
Doing backtracking with MRV FC search

0 0 0 | 0 9 0 | 3 0 0 
0 2 0 | 6 0 1 | 5 9 0 
3 0 0 | 5 0 8 | 0 2 4 
____________________
0 9 0 | 0 0 0 | 4 8 0 
6 0 0 | 2 0 9 | 0 0 1 
0 5 2 | 0 0 0 | 0 3 0 
____________________
9 7 0 | 1 0 5 | 0 0 3 
0 3 8 | 7 0 4 | 0 1 0 
0 0 5 | 0 8 0 | 0 0 0 


5 1 7 | 4 9 2 | 3 6 8 
8 2 4 | 6 3 1 | 5 9 7 
3 6 9 | 5 7 8 | 1 2 4 
____________________
7 9 1 | 3 5 6 | 4 8 2 
6 8 3 | 2 4 9 | 7 5 1 
4 5 2 | 8 1 7 | 6 3 9 
____________________
9 7 6 | 1 2 5 | 8 4 3 
2 3 8 | 7 6 4 | 9 1 5 
1 4 5 | 9 8 3 | 2 7 6 

Total Time: 68980000
Search Time: 33935000
Backtrack: 266
Node: 1230
Doing backtracking with MRV FC search

0 6 0 | 1 0 4 | 0 5 0 
0 0 8 | 3 0 5 | 6 0 0 
2 0 0 | 0 0 0 | 0 0 1 
____________________
8 0 0 | 4 0 7 | 0 0 6 
0 0 6 | 0 0 0 | 3 0 0 
7 0 0 | 9 0 1 | 0 0 4 
____________________
5 0 0 | 0 0 0 | 0 0 2 
0 0 7 | 2 0 6 | 9 0 0 
0 4 0 | 5 0 8 | 0 7 0 


9 6 3 | 1 7 4 | 2 5 8 
1 7 8 | 3 2 5 | 6 4 9 
2 5 4 | 6 8 9 | 7 3 1 
____________________
8 2 1 | 4 3 7 | 5 9 6 
4 9 6 | 8 5 2 | 3 1 7 
7 3 5 | 9 6 1 | 8 2 4 
____________________
5 8 9 | 7 1 3 | 4 6 2 
3 1 7 | 2 4 6 | 9 8 5 
6 4 2 | 5 9 8 | 1 7 3 

Total Time: 122666000
Search Time: 94914000
Backtrack: 1449
Node: 6029
Doing backtracking with MRV FC search

0 0 0 | 0 0 4 | 9 0 0 
0 0 5 | 3 2 0 | 0 0 0 
2 0 0 | 0 0 6 | 0 4 0 
____________________
8 0 4 | 0 0 0 | 0 6 0 
0 5 0 | 0 6 0 | 0 1 0 
0 1 0 | 0 0 0 | 3 0 9 
____________________
0 2 0 | 8 0 0 | 0 0 6 
0 0 0 | 0 7 9 | 1 0 0 
0 0 9 | 5 0 0 | 0 0 0 


3 8 6 | 7 1 4 | 9 2 5 
4 9 5 | 3 2 8 | 6 7 1 
2 7 1 | 9 5 6 | 8 4 3 
____________________
8 3 4 | 1 9 5 | 2 6 7 
9 5 7 | 2 6 3 | 4 1 8 
6 1 2 | 4 8 7 | 3 5 9 
____________________
7 2 3 | 8 4 1 | 5 9 6 
5 4 8 | 6 7 9 | 1 3 2 
1 6 9 | 5 3 2 | 7 8 4 

Total Time: 278360000
Search Time: 242738000
Backtrack: 20888
Node: 94742
Doing backtracking with MRV FC search

0 0 9 | 0 2 8 | 0 0 0 
0 8 0 | 0 0 0 | 9 0 0 
0 7 0 | 0 5 0 | 0 0 0 
____________________
0 3 8 | 9 0 0 | 1 0 5 
0 0 0 | 0 0 0 | 0 0 0 
6 0 4 | 0 0 5 | 2 9 0 
____________________
0 0 0 | 0 4 0 | 0 6 0 
0 0 6 | 0 0 0 | 0 3 0 
0 0 0 | 7 3 0 | 5 0 0 


5 6 9 | 1 2 8 | 3 7 4 
1 8 2 | 4 7 3 | 9 5 6 
4 7 3 | 6 5 9 | 8 1 2 
____________________
2 3 8 | 9 6 7 | 1 4 5 
9 5 7 | 2 1 4 | 6 8 3 
6 1 4 | 3 8 5 | 2 9 7 
____________________
3 9 5 | 8 4 2 | 7 6 1 
7 2 6 | 5 9 1 | 4 3 8 
8 4 1 | 7 3 6 | 5 2 9 

Total Time: 554891000
Search Time: 519455000
Backtrack: 94501
Node: 408304
